# SPDX-License-Identifier: MIT
# Copyright (c) 2026 retrodiv <retrodiv@proton.me>
# Advance width per code point 32..255 for the bundled fallback face.
# First-party compatibility widths, not read from the typeface. Kept separate
# so a re-rasterization cannot silently reflow text.
32 4
33 4
34 6
35 9
36 9
37 14
38 11
39 3
40 5
41 5
42 6
43 9
44 4
45 5
46 4
47 4
48 9
49 9
50 9
51 9
52 9
53 9
54 9
55 9
56 9
57 9
58 4
59 4
60 9
61 9
62 9
63 9
64 16
65 11
66 11
67 12
68 12
69 11
70 10
71 12
72 11
73 4
74 8
75 11
76 9
77 13
78 12
79 12
80 11
81 12
82 11
83 11
84 10
85 12
86 11
87 15
88 11
89 11
90 10
91 4
92 4
93 4
94 8
95 9
96 5
97 9
98 9
99 8
100 9
101 9
102 4
103 9
104 8
105 4
106 4
107 8
108 3
109 13
110 8
111 9
112 9
113 9
114 5
115 8
116 4
117 9
118 8
119 12
120 8
121 8
122 8
123 5
124 4
125 5
126 9
127 12
128 12
129 12
130 12
131 12
132 12
133 12
134 12
135 12
136 12
137 12
138 12
139 12
140 12
141 12
142 12
143 12
144 12
145 12
146 12
147 12
148 12
149 12
150 12
151 12
152 12
153 12
154 12
155 12
156 12
157 12
158 12
159 12
160 4
161 5
162 9
163 9
164 9
165 9
166 4
167 9
168 5
169 12
170 6
171 9
172 9
173 0
174 12
175 9
176 6
177 9
178 5
179 5
180 5
181 9
182 9
183 5
184 5
185 5
186 6
187 9
188 13
189 13
190 13
191 10
192 11
193 11
194 11
195 11
196 11
197 11
198 16
199 12
200 11
201 11
202 11
203 11
204 4
205 4
206 4
207 4
208 12
209 12
210 12
211 12
212 12
213 12
214 12
215 9
216 12
217 12
218 12
219 12
220 12
221 11
222 11
223 10
224 9
225 9
226 9
227 9
228 9
229 9
230 14
231 8
232 9
233 9
234 9
235 9
236 4
237 4
238 4
239 4
240 9
241 9
242 9
243 9
244 9
245 9
246 9
247 9
248 10
249 9
250 9
251 9
252 9
253 8
254 9
255 8
